36
2128
1
822
625
2142
2207
540
488
589
59
932
300288
898
2092
11
581
926
517
830
2078
2110
338
2267
2648
2304
2714
501
965
869
848
2244
2496
933
2067
30
300676
902
2419
2083
90
876
761
703
2277
858
2470
2601
2489
759
828
651
666
2048
417
776
2597
725
860
596
983
2081
2493
429
951
2002
601
2763
623
333
402
2042
698
683
685
2215
525
903
300175
726
2203
2293
2191
709
552
300146
2326
2251
418
2454
2100
2065
2440
2748
883
2534
2357
423
717
2656
531
2441
1979
2646
2367
692
2320
937
2152
959
2589
825
2233
999
900
2394
63
550
708
2354
2145
2221
300498
2636
2064
735
811
422
672
568
2536
2157
598
665
2561
300039
887
300083
2543
2032
2032
895
2434
2187
963
2317
2532
733
300043
886
921
421
2403
2563
528
2019
732
2502
2001
650
650
2737
2099
300194
2327
100
300242
2097
2734
2557
2146
300511
2062
2208
2603
2408
31
541
637
600
2832
2345
2429
2068
2294
2171
2772
2727
2109
2183
2182
700
990
915
2091
617
2172
635
2274
667
669
2014
46
600133
600291
600225
600354
600306
600303
600230
600633
600210
601288
601166
600016
601818
601939
600121
601988
601328
600000
601398
600020
600393
601169
600015
601998
601009
600628
600282
601225
600269
600177
600971
600036
600729
600581
600808
600726
600755
600758
600067
601101
600115
600309
600694
600606
600919
600188
603167
601088
600688
601997
600966
600368
601229
601006
600782
600567
601318
600507
600739
600348
600123
601668
600019
601666
600409
600926
600325
600167
603369
600398
600649
601801
600028
600104
601238
600026
600395
601699
600327
600995
600033
600073
601678
600741
600273
600690
600022
600231
600509
600508
601107
600873
603198
601636
600185
600423
600668
600350
600180
600674
600684
600742
600308
600029
600075
600340
600719
600297
600585
601233
601186
600035
600642
600548
600377
603188
601566
600415
600886
600426
601003
600383
603919
601633
601918
601158
600816
600352
601515
600089
600048
600345
600183
600499
600809
603885
600221
603617
600757
600859
601898
600373
600176
603766
600795
603001
600068
2128
2142
2207
2092
2078
2110
2267
2648
2304
2714
2244
2496
2067
2419
2083
2277
2470
2601
2489
2048
2597
2081
2493
2002
2763
2042
2215
2203
2293
2191
2326
2251
2454
2100
2440
2065
2748
2534
2357
2656
2646
2441
2367
2320
2152
2589
2233
2394
2145
2354
2221
2064
2636
2536
2157
2561
2543
2032
2434
2187
2317
2532
2403
2563
2019
2502
2001
2701
2737
2099
2327
2097
2734
2557
2146
2062
2208
2603
2408
2832
2345
2429
2068
2294
2171
2772
2727
2109
2182
2183
2091
2172
2274
2014
2448
2029
2582
2020
2126
2736
2540
2608
2195
2818
2550
2242
2324
2004
2588
2595
2108
2726
2562
2258
2650
2206
2007
2753
2026
2516
2516
2051
2116
2080
2479
2136
2391
2468
2382
2517
2867
2061
2033
2344
2477
2652
2435
2223
2554
2283
2422
2131
2541
2539
2556
2615
2366
2416
2869
2025
2739
2397
2749
2807
2521
2437
2124
2185
2501
2511
2626
2624
2712
2548
2174
2237
2688
2776
2462
2868
2406
2551
2643
2840
2376
2018
2275
2466
2507
2385
2567
2238
2247
2225
2872
2281
2815
2245
2839
2398
2074
2179
2433
2820
2450
2672
2264
2662
2144
2531
2363
2768
2217
2852
2027
2759
2789
2845
2503
2661
2038
2449
2833
2239
2745
2463
2607
2756
2790
2101
2666
2472
2508
2612
2769
2412
2228
2444
2680
2393
2446
2009
2090
2375
2781
2498
2619
2604
2518
300288
300676
300175
300146
300498
300039
300083
300160
300043
300194
300242
300511
300443
300208
300026
300267
300230
300363
300041
300116
300196
300204
300375
300575
300100
300360
300299
300067
300219
300121
300307
300258
300497
300274
300415
300144
300336
300342
300129
300596
300251
300054
300115
300660
300154
300113
300418
300317
300133
300037
300138
300393
300315
300446
300005
300671
300171
300403
300519
300303
300178
300298
300108
300233
300102
300017
300641
300158
300252
300286
300323
300580
300512
300195
300408
300394
300349
300143
300387
300072
300628
300617
300040
300432
300406
300221
300055
300269
300547
300569
300118
300079
300473
300003
300439
300326
300357
300050
300088
300485
300652
300241
300373
300463
300270
300237
300292
300658
300484
300296
300082
300061
300119
300507
300459
300199
300287
300170
300127
300396
300127
300255
300275
300136
300502
300549
300600
300279
300350
300476
300585
300384
300183
300335
300610
300606
300182
300098
300324
300284
300320
300548
300063
300190
300232
300661
300421
600000
600016
600028
600029
600030
600036
600048
600050
600100
600104
600111
600340
600485
600518
600519
600547
600606
600837
600887
600919
600958
600999
601006
601088
601166
601169
601186
601198
601211
601229
601288
601318
601328
601336
601390
601398
601601
601628
601668
601688
601766
601788
601800
601818
601857
601881
601901
601985
601988
601989
603993
603858
603160
601998
601997
601992
601989
601988
601985
601966
601958
601939
601933
601919
601901
601899
601888
601881
601877
601872
601866
601857
601818
601800
601788
601766
601727
601718
601688
601669
601668
601633
601628
601618
601611
601608
601607
601601
601600
601555
601398
601390
601377
601375
601336
601333
601328
601318
601288
601229
601225
601216
601211
601198
601186
601169
601166
601163
601155
601127
601118
601117
601111
601099
601088
601021
601018
601009
601006
600999
600977
600959
600958
600926
600919
600909
600900
600895
600893
600887
600886
600871
600837
600827
600820
600816
600804
600795
600741
600739
600737
600718
600705
600704
600703
600690
600688
600685
600682
600674
600663
600660
600649
600637
600606
600588
600585
600583
600570
600549
600547
600535
600522
600519
600518
600498
600489
600485
600482
600446
600436
600415
600406
600383
600376
600373
600372
600369
600362
600352
600340
600332
600309
600297
600276
600271
600256
600233
600221
600208
600196
600188
600177
600170
600157
600153
600150
600118
600115
600111
600109
600104
600100
600089
600085
600074
600068
600066
600061
600060
600050
600048
600038
600037
600036
600031
600030
600029
600028
600023
600021
600019
600018
600016
600015
600010
600009
600008
600000
300315
300251
300168
300144
300133
300124
300104
300072
300070
300059
300033
300027
300024
300017
2841
2839
2831
2797
2739
2736
2714
2673
2602
2594
2558
2555
2508
2500
2475
2470
2466
2465
2456
2450
2426
2424
2415
2411
2385
2352
2310
2304
2299
2292
2252
2241
2236
2230
2202
2195
2183
2174
2153
2152
2146
2142
2131
2081
2074
2065
2049
2044
2027
2024
2008
2007
1979
983
977
963
961
959
938
917
895
876
858
839
826
793
792
783
776
768
750
738
728
725
718
709
686
671
651
630
627
625
623
568
559
555
540
538
503
425
423
415
413
402
338
333
166
157
156
100
69
63
60
9
8
2
1
600519
600000
601166
600104
601668
333
2415
651
858
600050
1
601169
600019
601229
601211
1979
601989
600018
2736
600015
601985
600887
600048
725
601006
601669
600010
2252
600518
538
600340
895
601009
601018
600690
2142
601901
2739
2450
600893
768
600703
600795
625
69
600637
600309
938
568
600031
601888
600705
600221
600068
600061
600482
600663
600009
783
2673
600741
601198
601377
2475
600649
600297
600816
600886
600383
46
600066
2230
601611
600111
600085
601117
600977
601877
415
2555
100
601216
600485
600415
600489
2411
600208
600959
600100
600406
600682
600674
2466
728
2146
600118
601555
600715
600150
600089
600177
600170
600369
2075
600820
876
601801
792
600372
600583
601718
402
600074
601098
601966
627
883
600153
601179
600373
503
2500
600352
656
826
601021
600804
983
601106
2280
559
2292
738
601118
600642
601872
27
750
600895
600588
825
600570
600827
2424
2385
600021
601958
60
601608
2153
2506
600256
2219
2195
600737
600317
600654
2183
732
718
2129
2366
600037
600008
600839
917
581
800
600648
